Testing over compas_non_optimal

initial_classifier: GaussianNB()
number_iterations: 20
multiplier: 35
interior_classifier: knn
number_experiments: 100

fair_accuracy_mean: 0.45088159884294265
fair_diff_mean: 0.12486551608702114
fair_accuracy_std: 0.08594799701207324
fair_diff_std: 0.06051196502313972

unfair_accuracy_mean: 0.48492143843271324
unfair_diff_mean: 0.1621008434138238
unfair_accuracy_std: 0.10926803704518415
unfair_diff_std: 0.07160804497681957

fair_diff: [0.12077047 0.13859488 0.09885552 0.10492388 0.11760016 0.1439938
 0.05731013 0.16710058 0.10027025 0.26926149 0.10163771 0.22081902
 0.08012979 0.11879655 0.03038924 0.1487573  0.15884387 0.20470754
 0.16068207 0.13933534 0.19893294 0.0556975  0.04809858 0.16318514
 0.11176674 0.02588544 0.03255385 0.11280942 0.13455433 0.14638691
 0.18902832 0.23366202 0.09885552 0.23308434 0.12768256 0.12707138
 0.10380167 0.15567399 0.04638261 0.14954131 0.06879664 0.1247623
 0.04809858 0.07600196 0.0556975  0.10834416 0.06294995 0.07433872
 0.12268008 0.15580216 0.16536093 0.13472761 0.16121711 0.19893294
 0.12737727 0.16324864 0.10936459 0.13150766 0.03038924 0.32899641
 0.02896059 0.16920029 0.1581179  0.15574251 0.16214002 0.15653375
 0.20216775 0.12150921 0.125673   0.05724159 0.06294995 0.13189552
 0.13780847 0.12434083 0.04023884 0.03536328 0.15005354 0.14295456
 0.02178814 0.06872629 0.1749653  0.15799045 0.16110234 0.13694253
 0.05996987 0.118238   0.16880528 0.15053248 0.09521429 0.20759811
 0.01502951 0.10426345 0.11883983 0.17448709 0.06540147 0.22265812
 0.0313265  0.12099022 0.28180436 0.04095778]

fair_accuracy: [0.56150154 0.56413122 0.47156663 0.51581093 0.553744   0.49930971
 0.35198212 0.41995924 0.47176386 0.40128854 0.41555453 0.40904609
 0.35145618 0.43028072 0.33153639 0.49878377 0.49937545 0.42462691
 0.42995201 0.43264743 0.42423246 0.35329696 0.34639406 0.4997699
 0.57136283 0.32811781 0.34047729 0.56413122 0.55867464 0.48491223
 0.58207876 0.42646769 0.47156663 0.3882059  0.55808297 0.56577477
 0.4782723  0.38274933 0.32515942 0.41391099 0.49102623 0.59996055
 0.34639406 0.49227533 0.35329696 0.55328381 0.35342844 0.49812636
 0.4263362  0.48898823 0.49293275 0.43639471 0.49359017 0.42423246
 0.56399974 0.54033265 0.51173493 0.5736638  0.33153639 0.30438498
 0.33745316 0.41410821 0.43580304 0.43218723 0.50693577 0.42357504
 0.42627046 0.56814148 0.56360529 0.34047729 0.35342844 0.56492012
 0.43067517 0.53855762 0.34277825 0.33824206 0.49668003 0.57471567
 0.29846821 0.35402012 0.57898889 0.5002301  0.49681152 0.47209256
 0.33127342 0.56071264 0.503057   0.41068963 0.47577411 0.28630596
 0.30924988 0.51916376 0.56505161 0.58082966 0.35421734 0.42298337
 0.33725593 0.51475906 0.41509434 0.33870225]

unfair_diff: [0.13432812 0.15292489 0.16859525 0.20848772 0.10338135 0.19905037
 0.09655752 0.24412724 0.14387083 0.24821881 0.22225121 0.27023163
 0.11229457 0.24072174 0.06036906 0.20290215 0.20859673 0.22904477
 0.24767797 0.2118033  0.27509459 0.05366291 0.07485367 0.20425908
 0.19007794 0.08794405 0.03767642 0.08691865 0.19575585 0.19858583
 0.12387771 0.29558617 0.16859525 0.18598212 0.2000534  0.20166082
 0.08506908 0.25761938 0.05704399 0.22889341 0.10916834 0.13869347
 0.07485367 0.11862829 0.05366291 0.19246325 0.07133376 0.18978866
 0.20973394 0.11625086 0.18791036 0.24706992 0.20901827 0.27509459
 0.20180581 0.11905883 0.19039696 0.20474964 0.06036906 0.10541227
 0.06322072 0.2574742  0.21519552 0.19995154 0.19099094 0.1961079
 0.27952369 0.21357672 0.20796212 0.08064336 0.07133376 0.14936652
 0.20979364 0.20821193 0.07556971 0.05813357 0.20972427 0.11409777
 0.03391588 0.05887231 0.19168592 0.20993418 0.21069325 0.12728722
 0.05743823 0.09113191 0.21825191 0.21611278 0.06842555 0.26442706
 0.01458188 0.17451206 0.19609241 0.1291358  0.09567469 0.28290227
 0.07007535 0.20046954 0.25559725 0.05188058]

unfair_accuracy: [0.65787917 0.63861679 0.49878377 0.58589179 0.64617711 0.58411676
 0.39754125 0.42797975 0.49753468 0.43199001 0.42055092 0.40398396
 0.39405693 0.43014923 0.34652554 0.58852146 0.58602327 0.42101111
 0.43475117 0.43264743 0.42002498 0.36565643 0.35513773 0.58175005
 0.59305766 0.35480902 0.34356716 0.6425613  0.58352508 0.5805667
 0.65380317 0.42982052 0.49878377 0.41154428 0.5877983  0.58937611
 0.5432253  0.40312931 0.33580961 0.4198935  0.51390441 0.65419762
 0.35513773 0.51541647 0.36565643 0.58227598 0.35750444 0.58944185
 0.42673066 0.51390441 0.57754257 0.45453948 0.58931037 0.42002498
 0.58977056 0.65695878 0.58457695 0.59351785 0.34652554 0.28288738
 0.34882651 0.41923608 0.43593452 0.43626323 0.58457695 0.4186444
 0.41667215 0.58503714 0.58838998 0.35783315 0.35750444 0.64348169
 0.45217277 0.57997502 0.35783315 0.35349418 0.58109263 0.6450595
 0.29439222 0.36690553 0.59207153 0.58464269 0.58556308 0.51620538
 0.32949839 0.64420485 0.58431398 0.41969627 0.54848465 0.3006377
 
 0.3014266  0.57695089 0.58661495 0.65676155 0.40148577 0.41838143
 0.3480376  0.58694366 0.43547433 0.36302676]

