Testing over lsac_non_optimal

initial_classifier: GaussianNB()
number_iterations: 20
multiplier: 30
interior_classifier: rf
number_experiments: 100

fair_accuracy_mean: 0.41884668102604267
fair_diff_mean: 0.3743785600294381
fair_accuracy_std: 0.00933962365450277
fair_diff_std: 0.03661645353301081

unfair_accuracy_mean: 0.4534090464068926
unfair_diff_mean: 0.44175938380241647
unfair_accuracy_std: 0.005689969000066082
unfair_diff_std: 0.022306782196908796

fair_diff: [0.35817341 0.39240236 0.34949343 0.35472557 0.40917426 0.3914881
 0.36688951 0.29622233 0.38627134 0.39164264 0.36985539 0.39489762
 0.39843829 0.37553143 0.43422115 0.40915164 0.44038923 0.37488782
 0.37852348 0.3307553  0.41885168 0.35028064 0.3842383  0.33203763
 0.37150773 0.33767677 0.3842383  0.4099705  0.30919919 0.33056734
 0.36920978 0.29095108 0.36688691 0.36101039 0.3952565  0.40195728
 0.38935879 0.39619631 0.40250915 0.43422115 0.40350877 0.40567792
 0.3923041  0.38780096 0.37357686 0.38912749 0.38695985 0.39781444
 0.43440203 0.44064248 0.36245955 0.32225384 0.35341588 0.34385026
 0.40231904 0.38909129 0.41728053 0.31496257 0.31708347 0.30418992
 0.37201803 0.35533839 0.35156907 0.3538955  0.40742006 0.36670429
 0.38845856 0.43085532 0.4288077  0.43102204 0.41748848 0.39378498
 0.33485893 0.39389791 0.44434855 0.35817341 0.39378498 0.30919919
 0.36033084 0.33609945 0.37612034 0.38727858 0.36315293 0.29985432
 0.29985432 0.42156598 0.33613953 0.36168768 0.38885727 0.34263102
 0.39655701 0.3820341  0.36360593 0.42002801 0.40102863 0.36107123
 0.32139684 0.35223607 0.32060303 0.33611655]

fair_accuracy: [0.40865479 0.42764833 0.4170746  0.43254357 0.41864108 0.42725671
 0.41785784 0.40865479 0.40806736 0.41237517 0.42941061 0.4170746
 0.40943803 0.42941061 0.42686509 0.42196985 0.4110045  0.42177404
 0.4129626  0.42275308 0.41864108 0.42392794 0.42960642 0.40650088
 0.42294889 0.42941061 0.42960642 0.42608185 0.42490699 0.4433131
 0.40238888 0.41922851 0.41922851 0.41433327 0.42275308 0.4231447
 0.42412375 0.41589975 0.44057176 0.42686509 0.42529861 0.41511651
 0.43176033 0.41041707 0.40924222 0.41785784 0.4129626  0.41864108
 0.42451537 0.43332681 0.40806736 0.42471118 0.43900529 0.41022126
 0.42079499 0.4129626  0.41746622 0.42764833 0.42255727 0.43156452
 0.4190327  0.42451537 0.43195614 0.42901899 0.42431956 0.41257098
 0.40610926 0.40708831 0.41550813 0.40924222 0.41864108 0.41257098
 0.4270609  0.40571764 0.41080869 0.40865479 0.41257098 0.42490699
 0.4110045  0.42255727 0.42138242 0.41002546 0.4110045  0.4149207
 0.4149207  0.40630507 0.41883689 0.41002546 0.42157823 0.41962013
 0.41178774 0.42960642 0.39906011 0.40571764 0.41864108 0.38829058
 0.42177404 0.40924222 0.42784414 0.4311729 ]
 
unfair_diff: [0.45673625 0.45762482 0.4643802  0.42313253 0.43764823 0.45596655
 0.41802476 0.4075084  0.48314979 0.44801218 0.38185285 0.43279366
 0.45617284 0.43347331 0.45601291 0.46742962 0.49389132 0.39780422
 0.45383422 0.39206692 0.42937724 0.43677943 0.43336359 0.40360014
 0.40227269 0.46727273 0.43336359 0.43710523 0.45897995 0.42238306
 0.44481899 0.46247175 0.41721829 0.4538164  0.46090805 0.43878817
 0.41966986 0.45885274 0.45117154 0.45601291 0.4354067  0.44117881
 0.4520127  0.43191546 0.43767856 0.44945185 0.44602551 0.46602392
 0.4504305  0.41720501 0.42571042 0.43895374 0.43356328 0.42719239
 0.46223686 0.45862075 0.4608916  0.39696612 0.46071471 0.40811255
 0.44754687 0.46179535 0.42532501 0.44414287 0.42427142 0.45296545
 0.41663253 0.46814722 0.47108257 0.49766837 0.44211598 0.47297355
 0.44835423 0.42510172 0.45477166 0.45673625 0.47297355 0.45897995
 0.42705646 0.43075026 0.44189351 0.45720174 0.46777217 0.43464873
 0.43464873 0.4875562  0.43109767 0.44757113 0.47076678 0.43668529
 0.41764994 0.43694587 0.43856534 0.45437613 0.43290705 0.41105191
 0.40121573 0.41864919 0.41524739 0.43406326]

unfair_accuracy: [0.44762091 0.45329939 0.44899158 0.46739769 0.46015273 0.4513413
 0.46054435 0.44566282 0.44605444 0.46132759 0.46054435 0.45604073
 0.44252986 0.45604073 0.46113178 0.45114549 0.4534952  0.4554533
 0.44703348 0.45036225 0.45055806 0.45623654 0.45858625 0.45036225
 0.44840415 0.45486587 0.45858625 0.45721559 0.4513413  0.4574114
 0.44487958 0.46328569 0.46034854 0.4513413  0.45310358 0.45506168
 0.45995692 0.44957901 0.45819463 0.46113178 0.45623654 0.45251615
 0.45643235 0.45506168 0.44781672 0.45173292 0.44683767 0.44899158
 0.4534952  0.44957901 0.44722929 0.45447425 0.45839044 0.44957901
 0.45427844 0.44957901 0.45114549 0.45878206 0.45212453 0.45701978
 0.45858625 0.46681026 0.45897787 0.45016644 0.46896417 0.45329939
 0.45153711 0.4493832  0.45701978 0.4574114  0.44801253 0.4474251
 0.45897787 0.44664186 0.45525749 0.44762091 0.4474251  0.4513413
 0.45564911 0.45055806 0.4534952  0.45799883 0.44820834 0.44957901
 0.44957901 0.4452712  0.46641864 0.44722929 0.44585863 0.4474251
 0.45369101 0.44820834 0.45310358 0.45662816 0.4534952  0.44018014
 
 0.45936949 0.44977482 0.44448796 0.46191502]

